10
100,-30,125,42
1,1,20
-4215232,423422,200,1
5,2,4,2
124,4444444,1,0
9123,-2333,729
1111,2222,3333,44444
42,42,42,42
38.8263,29.223,1.2874,844.2222
-62,-79,35
324,22.322,592,10
22,52,-1,-5555
456,22,4789.645,44
6889,4,22
118,698.345,226.5,446
0,0,0.000001,0.0
798,-546.56,889,645
46,-2.3454,0.44466
-498,55.455,465,125
7,-9,-8,7.4787
-978,785,-112,66
465,-79.354,55
-24,5,6.55,1
789,-64.44,-552,6.47645
-9,8,-7.576,6
443,42,-36.0
225,46.354,87.23,2000.555
568,496,335.55,232.756
-123,45,88,52
-46,87,36
442,-22,44.645,-36
4654,55.3453,22,-55.856
56,2,44.5555555555555555555,-89
12,-55,6.05
452,22.766,78,98
442,-4.55,6.86,8
88,997.77,-52,-46
42.464,-65,22
1,2.999,3,-8
4,5,-6,7.9